%YAML:1.0
Intrinsics: !!opencv-matrix
   rows: 3
   cols: 3
   dt: d
   data: [ 4.8406783537245485e+02, 0., 2.5688553312011794e+02, 0.,
       4.4324916724993778e+02, 2.5661697052144763e+02, 0., 0., 1. ]
Distorsion: !!opencv-matrix
   rows: 1
   cols: 5
   dt: d
   data: [ -1.3937331403839617e-01, 1.3705051501084711e-01,
       9.2646294417189998e-03, -6.2610418629818077e-03,
       -5.5334598930274197e-02 ]
