%YAML:1.0
Intrinsics: !!opencv-matrix
   rows: 3
   cols: 3
   dt: d
   data: [ 1.3669830986925242e+03, 0., 2.8560189815784315e+02, 0.,
       1.2122150427711892e+03, 2.0263188903958226e+02, 0., 0., 1. ]
Distorsion: !!opencv-matrix
   rows: 1
   cols: 5
   dt: d
   data: [ -1.1999044461014134e+00, 1.2889023607700578e+00,
       1.0366145320475169e-01, 1.1613521902075572e-02,
       5.5594111194894786e+01 ]
