%YAML:1.0
Intrinsics: !!opencv-matrix
   rows: 3
   cols: 3
   dt: d
   data: [ 4.8312967001206852e+02, 0., 3.3734995393988351e+02, 0.,
       4.4289439204102979e+02, 2.2591293879963612e+02, 0., 0., 1. ]
Distortion: !!opencv-matrix
   rows: 1
   cols: 5
   dt: d
   data: [ -2.6357118820368897e-01, 9.3636978446262709e-01,
       1.8890319410016312e-02, -2.3307231686209220e-04,
       -1.0910470758187354e+00 ]
